  0.05002810
  0.07555030
  0.06444113
  0.12125583
  0.13315306
  0.15011528
  0.11571802
  0.12749930
  0.17705024
  0.20814619
  0.16091437
  0.17056689
  0.20279151
  0.23803205
  0.26282936
  0.20109247
  0.19856467
  0.19588274
  0.20843267
  0.26242970
  0.25033120
  0.26690525
  0.32074868
  0.54368451
  0.44641063
  0.39535255
  0.38037633
  0.40099558
  0.40375427
  0.58421577
  0.57584808
  0.60764227
  0.63056892
  0.71922895
  1.23494127
  0.85428080
  0.64079287
  0.60775752
  0.55905741
  0.77218763
  0.59201323
  0.66368725
  0.94540474
  0.67559144
  0.68087152
  0.84929833
  1.02281826
  0.99417011
  0.73994325
  0.97940679
  0.74733965
  0.76942930
  1.06671648
  1.27239581
  0.89801667
  0.87513125
  0.79096797
  1.00675238
  2.03810415
  1.22227712
  0.83336924
  0.68685958
  0.83150028
  0.98650236
  0.78172466
  1.26129506
  1.43139082
  1.07078846
  1.14355375
  1.09878868
  1.11014645
  1.18930649
  1.20377926
  1.00848543
  0.93439037
  1.15912962
  0.95905172
  0.92853905
  0.99916735
  0.97647203
  0.91055566
  1.34031038
  1.15624650
  1.01159225
  0.73434632
  0.86067325
  1.24188217
  1.55995235
  0.87009766
  0.88507394
  0.89060445
  1.07856572
  1.18939283
  0.91694987
  0.89004108
  1.37175673
  1.04024456
  1.22734136
  0.80352952
  1.17033300
