#step enthalpy vol
0 -6823.730913877590865 1196.793933252640727
10 -6819.7461579504224574 1196.5378840492890049
20 -6810.4605382855861535 1195.905858188437378
30 -6802.903032980874741 1195.198857765217781
40 -6797.3518097051774021 1194.6872264246967461
50 -6795.11559708011373 1194.567375662890754
60 -6791.7431723593208517 1194.9571889142655436
70 -6789.7577651173796767 1195.9585471285113272
80 -6787.1513437836683806 1197.6746109446416995
90 -6789.3634577690781953 1200.1914632430450638
100 -6794.5067435215178193 1203.442039683843177
110 -6799.7811101746601707 1207.2202741059113578
120 -6804.0131608834362851 1211.3294441465209275
130 -6805.0251715457616228 1215.6389093233590302
140 -6806.4103158955367689 1220.0895671637679243
150 -6804.8541602227032854 1224.6531556079319216
160 -6804.0593526131142426 1229.3437282797428907
170 -6804.1057470870382531 1234.1912450393576819
180 -6803.1463488395529566 1239.2217000003577141
190 -6802.6294789043031415 1244.4439801755061126
200 -6802.2088439134777218 1249.886484232696148
210 -6802.9871272015243449 1255.5296358211060124
220 -6809.2438323096648674 1261.291024085954632
230 -6815.2891831722954521 1266.9094552329979706
240 -6813.6466930343058266 1272.149643008303201
250 -6812.8308896156959236 1277.0336221401271359
260 -6814.6035645196952828 1281.5898437847170044
270 -6818.3038611142210357 1285.7183078690668481
280 -6819.0706588387165539 1289.2806871855020745
290 -6816.7077693405890386 1292.2442784972088248
300 -6817.0637124319027862 1294.654189686508289
310 -6818.1772881916604092 1296.5032438964281027
320 -6813.2304000426465791 1297.8052140554636935
330 -6812.6697155138754169 1298.6566428476482997
340 -6813.0661716137947224 1299.1107745905380852
350 -6813.4610443099445547 1299.1937783605674213
360 -6813.0190084871446743 1298.8982393041862906
370 -6815.8746548438612081 1298.1962385205154078
380 -6817.0847016163334047 1297.0210584062117505
390 -6813.1452606434331756 1295.360131462479103
400 -6810.4687275974156364 1293.3201701349291852
410 -6805.141225743655923 1291.0159934364946821
420 -6798.6718555906190886 1288.6260255458737447
430 -6795.3451874682114067 1286.3592024659712933
440 -6791.2699994369195338 1284.3263869016170702
450 -6791.0080230293815475 1282.6879818889237868
460 -6794.1219553306500529 1281.4654156618041725
470 -6796.2003075747852563 1280.563672755728021
480 -6797.034747895541841 1279.8763976276859466
490 -6799.2620115406543846 1279.3137108128180444
500 -6798.6003574914166165 1278.8195589759575341
510 -6800.2920057803294185 1278.3974760114351739
520 -6798.4488092511237483 1278.0089808975783399
530 -6792.1452839666681029 1277.681077949078599
540 -6791.973085055804404 1277.5822578648212584
550 -6791.075910343225587 1277.7679022771526434
560 -6785.4715119835627775 1278.2785282460549752
570 -6784.2900485462014331 1279.3076308239951686
580 -6786.3081322294074198 1280.8962607700086664
590 -6788.3823484205368004 1282.9885401897472548
600 -6796.0030670547093905 1285.4725638247634834
610 -6799.0802890023824148 1288.1236187026704556
620 -6798.3309767165101221 1290.8554056583591318
630 -6800.8973189188718607 1293.6600851881987637
640 -6805.8838331042816208 1296.4379373567537641
650 -6808.9783877071022289 1299.0347787797304591
660 -6808.2605540553495302 1301.3340967456217641
670 -6804.0093761663547411 1303.3594412057634599
680 -6804.9263971579985082 1305.2419355930496749
690 -6814.3532286617319187 1306.9247383103754601
700 -6818.7644859926313075 1308.113975150421993
710 -6814.5900584288783648 1308.6646169301434384
720 -6813.4652338177029378 1308.7175501639812865
730 -6818.1427137259188385 1308.3367955304154293
740 -6818.8293868342570931 1307.3982879983316252
750 -6814.4995322404247418 1305.8834886789998109
760 -6812.3540449095571603 1303.9464700892922338
770 -6808.0612697120131998 1301.7463763646042025
780 -6803.7976457437744102 1299.417927064131618
790 -6802.8956280616803269 1297.0758312091033986
800 -6803.2031102873916097 1294.7771169404577449
810 -6803.7850185789229727 1292.5261556730340544
820 -6802.2914761892579918 1290.3503837100506644
830 -6799.2113055608651848 1288.2908895197372203
840 -6799.209803439091047 1286.4318198089383714
850 -6803.040173140785555 1284.7727377563073787
860 -6803.0531362034762424 1283.18858789532419
870 -6806.0524458266718284 1281.6344776904388709
880 -6810.5662029143559266 1280.0266522499937309
890 -6809.5646843140984856 1278.2416788676030137
900 -6806.4265630664531272 1276.2894841093047944
910 -6805.9755966696429823 1274.2525910357549037
920 -6805.4409019187787635 1272.173058083408705
930 -6808.1682284690814413 1270.0114994778398341
940 -6808.3422062216841368 1267.681786011720078
950 -6804.7727787736203027 1265.19375361577886
960 -6799.3786839525928372 1262.6832243957901483
970 -6795.9859075562235375 1260.3364937548760736
980 -6797.1677337825767609 1258.2603901992920328
990 -6799.84974224085272 1256.4119583770686859
1000 -6795.0417510015813605 1254.7453283128429575
