  0.00338866
  0.00458018
  0.00522674
  0.00694490
  0.00497743
  0.00563245
  0.00834522
  0.00636963
  0.00641393
  0.00449052
  0.00409652
  0.00691134
  0.00709235
  0.00390872
  0.00584413
  0.00399178
  0.00501689
  0.00574181
  0.00458009
  0.00336714
  0.00597990
  0.00730085
  0.00468471
  0.00593425
  0.00414679
  0.00504954
  0.00617142
  0.00459419
  0.00772053
  0.00340774
  0.00661807
  0.00676960
  0.00409892
  0.00411649
  0.00803204
  0.00570439
  0.00659999
  0.00749428
  0.00595637
  0.00776763
  0.00766951
  0.00595942
  0.00624669
  0.00855698
  0.00721453
  0.00704702
  0.00507190
  0.00885844
  0.00547248
  0.00493912
  0.00592854
  0.00567288
  0.00640094
  0.00637059
  0.00505904
  0.00541082
  0.00565124
  0.00540429
  0.00769523
  0.00531944
  0.00189831
  0.00617879
  0.00616775
  0.00557918
  0.00748084
  0.00808734
  0.00459574
  0.00732061
  0.00466714
  0.00739652
  0.00645888
  0.00844525
  0.00601591
  0.00747304
  0.00422631
  0.00703573
  0.00364144
  0.00645854
  0.00528319
  0.00478756
  0.00449381
  0.00625122
  0.00809120
  0.00627646
  0.00530677
  0.00702824
  0.00715276
  0.00637498
  0.00739516
  0.00610914
  0.00387973
  0.00499141
  0.00520402
  0.00660592
  0.00684779
  0.00500609
  0.00357886
  0.00835037
  0.00847692
  0.00760033
  0.00861565
  0.01299500
  0.01290984
  0.00925025
  0.01305128
  0.01301579
  0.01217974
  0.01030172
  0.01431761
  0.00931783
  0.01005871
  0.01058951
  0.00778753
  0.01103674
  0.01354083
  0.00996615
  0.01236956
  0.00978464
  0.01186504
  0.01706688
  0.02106773
  0.01330721
  0.01044933
  0.01146371
  0.01042989
  0.01302031
  0.01147760
  0.01334640
  0.01147726
  0.01005383
  0.01536770
  0.00948543
  0.01150567
  0.01142297
  0.01320969
  0.00981934
  0.01300285
  0.01623016
  0.01571601
  0.01299577
  0.00940382
  0.01172111
  0.01227023
  0.01068042
  0.01287792
  0.01239845
  0.00947901
  0.01028081
  0.00821963
  0.01022650
  0.00934629
  0.00967026
  0.01516689
  0.01828451
  0.00849917
  0.01322135
  0.01100931
  0.01368056
  0.01512396
  0.02311797
  0.02274331
  0.01683386
  0.01018059
  0.01072757
  0.00970171
  0.00959128
  0.01124729
  0.01125575
  0.01744440
  0.01131894
  0.01228373
  0.01115176
  0.00962219
  0.01320458
  0.01538481
  0.01005094
  0.01020603
  0.01185789
  0.01377393
  0.01388311
  0.00822902
  0.01057390
  0.01834889
  0.01613312
  0.01263225
  0.01875061
  0.02146163
  0.01406042
  0.01431362
  0.01429513
  0.01402142
  0.00985183
  0.01368771
  0.01560590
  0.00950168
  0.01363758
  0.01552274
  0.01126383
  0.01276773
  0.00944900
  0.02189710
  0.02638456
  0.02026195
  0.01649233
  0.01476277
  0.02325811
  0.01660695
  0.02234497
  0.03172558
  0.01975203
  0.01609715
  0.02113453
  0.01910335
  0.02351333
  0.02860404
  0.01576595
  0.03034487
  0.02152441
  0.01883032
  0.02881988
  0.02827775
  0.01672080
  0.02732805
  0.01883326
  0.01829941
  0.01826329
  0.01800346
  0.01825567
  0.01380418
  0.02392927
  0.02297256
  0.01827966
  0.01905462
  0.01590934
  0.03165709
  0.01900405
  0.02262195
  0.04450331
  0.02152679
  0.03119027
  0.02854341
  0.02566299
  0.03831321
  0.02903121
  0.02153372
  0.02195281
  0.02425146
  0.02850172
  0.03758610
  0.01731148
  0.02404786
  0.02502210
  0.02667781
  0.04845600
  0.04152630
  0.03850700
  0.01983784
  0.02512794
  0.03076563
  0.01691218
  0.01596489
  0.01694976
  0.02013428
  0.03297809
  0.02353174
  0.02298332
  0.01916655
  0.02617727
  0.01724874
  0.03308037
  0.02941488
  0.02708866
  0.02512449
  0.02358184
  0.02427481
  0.01780413
  0.01939715
  0.03127344
  0.03586648
  0.01806716
  0.02121938
  0.01458346
  0.02284821
  0.02239033
  0.03304120
  0.02320042
  0.02013342
  0.02128562
  0.02331989
  0.02995902
  0.02741854
  0.02934327
  0.02244315
  0.01871168
  0.02101476
  0.02148129
  0.02224022
  0.03615635
  0.03282843
  0.03785795
  0.03397006
  0.05060586
  0.05199489
  0.10618899
  0.07730615
  0.06478255
  0.06549240
  0.05030756
  0.14429977
  0.11645665
  0.08624403
  0.07914766
  0.10659879
  0.14729536
  0.09152895
  0.07100379
  0.11241698
  0.09368989
  0.06531052
  0.06061359
  0.09596080
  0.10601185
  0.04529945
  0.06272170
  0.08394410
  0.17866164
  0.08482276
  0.09548716
  0.05580785
  0.07720087
  0.05919046
  0.11344067
  0.06020943
  0.07197030
  0.12732087
  0.08357571
  0.05117530
  0.06063375
  0.09191447
  0.05985020
  0.06137598
  0.07909464
  0.09449126
  0.11845943
  0.05714501
  0.07630910
  0.05659068
  0.04520868
  0.05926059
  0.11159886
  0.06884377
  0.05280789
  0.05168250
  0.06739884
  0.07334119
  0.07763241
  0.05993173
  0.20922259
  0.06295208
  0.12544875
  0.08720983
  0.05881106
  0.07313865
  0.08544817
  0.06272986
  0.07020419
  0.11109698
  0.10734675
  0.10042602
  0.13552860
  0.07338380
  0.05587443
  0.06426404
  0.06328272
  0.06650346
  0.05294951
  0.04664733
  0.12390668
  0.07294489
  0.06883035
  0.08112236
  0.05732655
  0.04754727
  0.07571351
  0.05504156
  0.06407238
  0.07754919
  0.05093616
  0.06691268
  0.06908497
  0.12837384
  0.05172977
  0.05673117
  0.05958216
  0.08515375
  0.12680289
  0.08786669
  0.08218222
  0.13395550
  0.07008443
  0.04101302
  0.03658843
  0.05041639
  0.04765195
  0.04535885
  0.04725998
  0.04529581
  0.04063121
  0.04564679
  0.04505230
  0.04153492
  0.04518061
  0.04639960
  0.05652824
  0.06219894
  0.05751227
  0.04872229
  0.04098941
  0.04969881
  0.03833044
  0.06170759
  0.05640923
  0.05124471
  0.09099927
  0.05688533
  0.04058646
  0.04432030
  0.04096468
  0.05084230
  0.03929310
  0.05151727
  0.04513895
  0.04585646
  0.04116534
  0.03970301
  0.05335617
  0.04923345
  0.04559509
  0.06757165
  0.05116870
  0.05599948
  0.04390126
  0.06366268
  0.09284239
  0.04068770
  0.04490712
  0.03919800
  0.04503019
  0.05201609
  0.04772889
  0.05318932
  0.03889129
  0.04691777
  0.04727796
  0.04110831
  0.04824762
  0.06795964
  0.04549542
  0.04431888
  0.04229598
  0.06946413
  0.04998290
  0.06102909
  0.05205795
  0.05091947
  0.03898242
  0.05115588
  0.04220713
  0.04844667
  0.05283548
  0.04722125
  0.05601752
  0.03845246
  0.04481077
  0.05580701
  0.04326913
  0.03705933
  0.04508603
  0.04610352
  0.04110460
  0.04644019
  0.05220168
  0.05273748
  0.06647063
  0.05650638
  0.07129386
  0.03909667
  0.04882925
  0.04185712
  0.06333731
  0.05736673
  0.05654711
  0.05126414
  0.04529928
  0.06406079
  0.05302670
  0.04265628
  0.05016059
  0.05222982
  0.05570969
  0.04417578
  0.04146004
  0.05178433
  0.04191132
  0.05504981
  0.04353274
  0.04863847
  0.03636891
  0.04286224
  0.05278198
  0.04923873
  0.03964173
  0.05711522
  0.07200708
  0.04334347
  0.07829682
  0.05751410
  0.05915561
  0.05928330
  0.07335753
  0.04222739
  0.05544283
  0.04379344
  0.08658360
  0.04390087
  0.05034790
  0.05041006
  0.04697968
  0.04628980
  0.06183278
  0.05190357
  0.05223747
  0.05141616
  0.04994338
  0.03925645
  0.04536861
  0.05342995
  0.04937302
  0.06533735
  0.07919214
  0.05031736
  0.05231836
  0.04701753
  0.07092542
  0.08791810
  0.05592812
  0.04778593
  0.05135896
  0.04893227
  0.04515445
  0.04889150
  0.04911913
  0.06213491
  0.04778255
  0.05364927
  0.04167471
  0.06354282
  0.05003649
  0.04346223
  0.04330338
  0.05055703
  0.04281430
  0.05086304
  0.05551350
  0.04826877
  0.04210313
  0.05768515
  0.05857212
  0.03935675
  0.04660580
  0.04889763
  0.04129118
  0.04738855
  0.05696639
  0.03919855
  0.05551621
  0.04200537
  0.05560375
  0.04617774
  0.04776592
  0.05574570
  0.05387778
  0.04116072
  0.06143095
  0.05303659
  0.04925006
  0.05165982
  0.05319892
  0.05080356
  0.05566230
  0.04711333
  0.05180383
  0.05426863
  0.04956255
  0.03947112
  0.05051282
  0.04199980
  0.08293609
  0.05459173
  0.04902238
  0.08067804
  0.05254028
  0.05137226
  0.06044709
  0.04860906
  0.06677297
  0.04513646
  0.04965770
  0.06122173
  0.04385356
  0.03726941
  0.05071338
  0.05187782
  0.05110823
  0.04412219
  0.04403972
  0.04017086
  0.04012830
  0.05103505
  0.06818634
  0.04767500
  0.05127139
  0.07121282
  0.06173147
  0.04961681
  0.04293242
  0.04069064
  0.05062389
  0.05136031
  0.04813550
  0.04394198
  0.05365378
  0.05393863
  0.04866098
  0.05645922
  0.03936687
  0.05640612
  0.04543247
  0.03984787
  0.04219472
  0.05247972
  0.05626912
  0.05649256
  0.06558139
  0.05135334
  0.04651723
  0.04902805
  0.05174552
  0.04054014
  0.04068867
  0.05369118
  0.04452146
  0.05815740
  0.05326948
  0.06459861
  0.04798220
  0.04586763
  0.05342940
  0.04563527
  0.04402657
  0.04482221
  0.05641311
  0.05832937
  0.05520355
  0.04186314
  0.04634937
  0.04356621
  0.04629542
  0.06237590
  0.05071949
  0.03485931
  0.03585698
  0.05334804
  0.03665000
  0.04076420
  0.06100843
  0.03785061
  0.08694860
  0.04398647
  0.07311991
  0.04093269
  0.05326856
  0.05231547
  0.04582156
  0.05510700
  0.05296316
  0.05737818
  0.04719916
  0.04959706
  0.05916696
  0.05182709
  0.05202947
  0.04557746
  0.04175399
  0.06131589
  0.04359730
  0.04396563
  0.05868780
  0.04264920
  0.05392955
