#step enthalpy vol
0 -6803.7710576780591509 1254.7453283128429575
10 -6806.7643315712984986 1254.6853483783195315
20 -6809.6078075702180286 1254.4169539345500652
30 -6810.1511097131287897 1253.8187254463193767
40 -6807.5979024312600814 1252.8637555651996536
50 -6801.3364677694371494 1251.6838198498392103
60 -6798.0718733388912369 1250.5275432119606194
70 -6799.5081132244804394 1249.5071350770067511
80 -6803.8360984123673916 1248.5820196233028128
90 -6809.4028947284441529 1247.61174338315368
100 -6813.0014640794743173 1246.4152129183844409
110 -6814.2650628236451666 1244.8388343704575618
120 -6813.1278394992586982 1242.8391136768968863
130 -6810.6914156362345238 1240.4816838022809407
140 -6809.8005565230032516 1237.8507728129407042
150 -6807.1220023221512747 1235.012187389775363
160 -6805.9188532534217302 1232.0314301128405532
170 -6809.3685045064321457 1228.9357945508113517
180 -6811.5396406923118775 1225.6501697479709492
190 -6811.5094719039861957 1222.0927704422617808
200 -6808.2785776600894678 1218.2837846030586206
210 -6803.7477743486224426 1214.3072392046526602
220 -6797.1124781646167321 1210.316810863520459
230 -6790.4072026168032608 1206.5323175545713639
240 -6781.5798234013791443 1203.2036492696583991
250 -6778.6312134337895259 1200.6286418514773686
260 -6784.2130785711633507 1198.9214671663919489
270 -6793.078246250556731 1197.8410120201303926
280 -6792.8845453793419438 1197.1052679573426758
290 -6793.0184084768661705 1196.7020115483835525
300 -6791.3541160877630318 1196.6190903156450531
310 -6788.1237278367680119 1196.9179904152158542
320 -6783.5794843364719782 1197.7671571041776133
330 -6789.4425209275977977 1199.2462309043683035
340 -6795.5839662043690623 1201.1836317386075734
350 -6795.685139043678646 1203.4244420314241779
360 -6796.1837067324104282 1205.9513925823300724
370 -6799.6652549044629268 1208.7102985075896413
380 -6804.8858822424463142 1211.6006375500137437
390 -6806.1573573513787778 1214.4894185043253856
400 -6813.2316442164692489 1217.2344753462305107
410 -6812.9777568079243792 1219.6098111921098734
420 -6809.003890492537721 1221.5710804660609483
430 -6802.204563989241251 1223.2577105782384024
440 -6801.8109473138920293 1224.8655211723694265
450 -6803.3422614187429645 1226.4333592931902785
460 -6804.676650521441843 1227.9096763672662291
470 -6803.4007336007998674 1229.2850467309858686
480 -6797.000664798575599 1230.6107531233203645
490 -6792.9083590194068165 1232.0550553351836243
500 -6791.7408541065678946 1233.7808883006857741
510 -6793.7313999488378613 1235.8409991107359929
520 -6791.8276261261416948 1238.1947040675918288
530 -6789.7740622148749026 1240.8580108476401165
540 -6790.7508359900875803 1243.8546422152858213
550 -6789.9205915687689412 1247.1986828140763919
560 -6792.4843881414753923 1250.8969632808316419
570 -6792.1481387654348509 1254.8801254009806598
580 -6792.8819754307914991 1259.1325694266415667
590 -6792.7885040909359304 1263.6567150506825783
600 -6797.2232819811024456 1268.439012284298542
610 -6803.7293548908983212 1273.3442034594904726
620 -6806.5439955814908899 1278.192983355973638
630 -6807.1784806895266229 1282.8535786756613106
640 -6809.8488618842893629 1287.2638079262828796
650 -6808.2898237429726578 1291.3730426380291192
660 -6805.5733083410696054 1295.2197639568744307
670 -6806.619035495150456 1298.8651995838069979
680 -6804.9843171194743263 1302.2708979877033926
690 -6803.9315851777573698 1305.4802322802843264
700 -6805.5630546904676521 1308.5745469994183168
710 -6809.528817853273722 1311.4939023380013623
720 -6810.855253292845191 1314.099405842596525
730 -6811.5945750051669165 1316.3410226358057571
740 -6812.20547370708573 1318.2107963629116512
750 -6814.163586182698964 1319.6857678534115621
760 -6818.1555753692118742 1320.6767577020425506
770 -6817.6167929488246955 1321.0892450829633162
780 -6820.168253838970486 1320.8721281685916438
790 -6819.11597277751207 1319.91199869856041
800 -6816.4298514529518798 1318.2573029290024351
810 -6815.5440933004592807 1316.0352838997125673
820 -6810.7068144337717968 1313.3424008707193025
830 -6802.1497394491198065 1310.3660734319926178
840 -6792.6607505398560534 1307.4310547942145604
850 -6790.178634911597328 1304.8930754985867679
860 -6794.5711223271100607 1302.8376135806629463
870 -6800.7190372451987059 1301.0806687758592943
880 -6805.554711885622055 1299.4080254610555585
890 -6805.5374856947273656 1297.6610752232777486
900 -6804.7941121586973168 1295.796188625428158
910 -6809.7745345917810482 1293.7866371168427122
920 -6810.8631983947434492 1291.481034176889807
930 -6807.5909528272413809 1288.7965385913817045
940 -6800.9798877293760597 1285.8648058302712798
950 -6796.954681649088343 1282.9474247904470303
960 -6799.7757666278303077 1280.1848472643641799
970 -6803.8666610599311753 1277.4708311808185499
980 -6808.0506890658371049 1274.6368986778186354
990 -6811.8429021967613153 1271.5032698377854103
1000 -6810.2964066549320705 1267.9585085428805087
