#step enthalpy vol
0 -6759.0196010058698448 1163.4502977002177886
1000 -6789.6171460662326353 1217.9311005236602341
2000 -6797.9015684407522713 1262.5294863338194773
3000 -6801.5237000923507367 1281.9906685982109593
4000 -6814.672455271466788 1250.9241560519458289
5000 -6780.9087380293140086 1213.5155196014256944
6000 -6798.3058790008308279 1212.787234301472381
7000 -6795.0246948091589729 1238.1882718270189798
8000 -6804.3538909243943635 1272.848908346406688
9000 -6793.2602702693729952 1236.4654864252047446
10000 -6804.3032818640394908 1276.1701456411278741
11000 -6789.5866214882044005 1265.055928119573764
12000 -6784.297785215831027 1342.8984481932718609
13000 -6799.8927394174661458 1292.8765190566837191
14000 -6807.4727812431437997 1266.4143116628333701
15000 -6789.4177265061707658 1199.821107558808535
16000 -6806.2339224319175628 1281.5291724111730218
17000 -6791.4282774608154796 1279.8901976071865647
18000 -6797.1539979392600799 1217.7384331344394468
19000 -6798.2273902775104943 1237.681484412389409
20000 -6784.6716576079052174 1206.7575635882121787
21000 -6788.0193402706072447 1210.3143439178870722
22000 -6788.9531230406691975 1279.1792080308769073
23000 -6789.5093622810791203 1231.3491161922515857
24000 -6800.6717073114823506 1258.106106099534145
25000 -6791.5131686891090794 1202.8751311064995662
26000 -6801.015372286157799 1260.0128432011317727
27000 -6813.1350249391489342 1307.5588739106824505
28000 -6789.342814436482513 1204.7840576118585432
29000 -6782.6019381689475267 1258.6587202981927476
30000 -6794.8535448122311209 1212.5713069481166713
31000 -6797.3278337908932372 1243.2435803911034782
32000 -6792.3480024127857178 1264.4177152784754981
33000 -6797.216767437683302 1218.0925806673039915
34000 -6804.8720594495944169 1247.0853636421074953
35000 -6786.6611649922861034 1266.1737235191719719
36000 -6798.7725112645093759 1280.0388939979789029
37000 -6785.8526311982586776 1191.8141402093779107
38000 -6778.1280822429989712 1227.5004840715259888
39000 -6789.1855357838167038 1258.4462978425074198
40000 -6777.6353780079944045 1195.3111734109231747
41000 -6800.2135264700218613 1237.801618687592736
42000 -6800.3579116414539385 1290.3850930744033576
43000 -6799.1392680730659777 1332.0944133541511292
44000 -6812.801200985181822 1266.6772649284787349
45000 -6795.6326762188300563 1268.7019121793189242
46000 -6797.5500600695522735 1248.2030394808771234
47000 -6793.9404201088182162 1253.991384388410097
48000 -6779.3440196159926927 1257.6820264012469579
49000 -6805.3180312192998827 1259.5282949981669844
50000 -6795.9814447493217813 1251.4516814530793454
51000 -6814.7148862803223892 1247.8278607076968001
52000 -6802.3055435499081796 1192.3007130417249755
53000 -6798.444454868826142 1234.0895550364646169
54000 -6796.1144450740885077 1276.1617718733300535
55000 -6789.4439595223502693 1231.7469132736118809
56000 -6791.0212348203394868 1204.0401155478123201
57000 -6793.3602958770570694 1197.7735257921394805
58000 -6794.0450328177594201 1241.6299414415718729
59000 -6795.6848571823138627 1307.6041090738997354
60000 -6800.9006250219772483 1215.3874766750598155
61000 -6792.8416241956447266 1246.7980259651353663
62000 -6807.0707770604531106 1271.9573988934118915
63000 -6797.7040064496413834 1254.1646098473574966
64000 -6806.9338334064559604 1296.8360248318415415
65000 -6798.515965046311976 1234.721308089183367
66000 -6776.3874403062300189 1179.423010251984806
67000 -6768.4223154062656249 1196.1686202647842947
68000 -6782.515637165737644 1213.6479931495011897
69000 -6790.1852769353390613 1227.4297020554515711
70000 -6788.0650129647428912 1210.7713476326453019
71000 -6795.4837886294126292 1244.5899521821011149
72000 -6793.1646154964264497 1260.9906717009578188
73000 -6791.2633257518764367 1259.2630042409462021
74000 -6795.2110530111376647 1283.8766706676194644
75000 -6789.4744259126464385 1277.8703181748301176
76000 -6797.3410014659784792 1247.6664931308857831
77000 -6796.9227071187060574 1213.5382900096294634
78000 -6797.4420388982352961 1314.4677736342125627
79000 -6804.1698719952428291 1237.4332225554135221
80000 -6791.2544659800387308 1238.5478577274016061
81000 -6784.0682672931407069 1249.1088990854191252
82000 -6801.7448653009214468 1273.2686998134379337
83000 -6796.7599597808666658 1247.0467083356311377
84000 -6798.3976895017467541 1235.2113882209416715
85000 -6800.7713448072381652 1197.9428364546888588
86000 -6785.9574410810719201 1240.6342699795368389
87000 -6791.1359155981681397 1227.7581143692809746
88000 -6796.7657678122131983 1243.6359195286379418
89000 -6802.3182219451782657 1250.978061874220657
90000 -6803.3560674185473545 1229.9887664762563873
91000 -6776.9177727906817381 1182.7426526958636259
92000 -6794.9781358309546704 1220.6451840376084874
93000 -6802.7558412928783582 1245.8614909729606097
94000 -6800.2393548112468125 1245.8966312481927616
95000 -6798.2840520079134876 1238.5942890790092861
96000 -6809.5826961956681771 1286.2047882822175779
97000 -6778.8183206544981658 1222.1978961106171937
98000 -6795.3136166613494424 1259.2873456957263443
99000 -6787.6505147145171577 1199.8778643207174355
100000 -6792.9049167029970704 1255.4429681686426648
101000 -6779.5020396733843882 1202.6975750404337759
102000 -6796.5693874030366715 1243.3941728673166836
103000 -6806.6587667979756588 1288.301278946530374
104000 -6794.7596170124097625 1234.8043687698170743
105000 -6796.9153477660147473 1227.8305695005969937
106000 -6792.290104626142238 1272.8925630090268442
107000 -6811.2425545146061268 1276.7420351234075042
108000 -6793.5082785524164137 1269.9973760946468246
109000 -6805.9724124883550758 1232.2123161905365123
110000 -6796.508128020021104 1253.0700215632116397
111000 -6798.0694283230404835 1278.0936913287987409
112000 -6781.2932724180427613 1182.1099904549926123
113000 -6811.8680161154770758 1246.3391730346438635
114000 -6805.5408451609500844 1244.7237199632052125
115000 -6786.7774971029448352 1280.3873465905944613
116000 -6785.7786245498273274 1224.9296058225513661
117000 -6780.5015881916961007 1184.4510392355241493
118000 -6785.4156621392194211 1275.9362023282214977
119000 -6790.6898509184784416 1313.9562259489580356
120000 -6794.8250982812669463 1295.7918311372459357
121000 -6780.9827661429935688 1172.2475596943554592
122000 -6803.1959263678181742 1258.9607954710563718
123000 -6799.5547948734829333 1235.2367707669200172
124000 -6792.2130268441505905 1204.3528304655485499
125000 -6812.091306311948756 1305.956858386982276
126000 -6803.1762438900477719 1225.8572585796030125
127000 -6804.1170817479296602 1248.7714331068384581
128000 -6790.6790109913235938 1212.817597277213963
129000 -6801.9714859244713807 1346.1862318145451809
130000 -6794.1627649602851307 1253.7341809212607586
131000 -6792.497411210086284 1250.7048881250464092
132000 -6812.3677946456746213 1275.5944063608026227
133000 -6779.0601385466025022 1286.6509950312761248
134000 -6782.8399458446010613 1215.2116765590242267
135000 -6787.5209356789446247 1242.5783048552939363
136000 -6792.7773212467627673 1260.975361066393134
137000 -6786.2050273493659915 1224.6666486720960165
138000 -6793.2828291883388374 1223.6888362041481741
139000 -6785.6558583913729308 1220.5288719822565326
140000 -6768.8653386220303219 1184.2017925438472048
141000 -6783.6922596018475815 1243.4937311434755429
142000 -6797.0314660064859709 1238.5592806716749692
143000 -6796.6060046330348996 1252.0922844559597706
144000 -6793.3404619613202158 1255.249183757902756
145000 -6811.2803892710353466 1261.3906185776259008
146000 -6788.4695672178568202 1277.4086267191080424
147000 -6785.7312838284187819 1199.6125097990286577
148000 -6812.3083054914541208 1293.003615222430426
149000 -6802.1646586148772258 1322.9584974136939763
150000 -6789.3227899642679404 1244.7775091028229326
151000 -6790.6661087269176278 1270.0153213304179189
152000 -6800.981588861282944 1257.2143916002355581
153000 -6785.0428037518795463 1207.4043041420934514
154000 -6795.3693211554609661 1218.5178024574206574
155000 -6791.2082301205273325 1254.882725917284688
156000 -6808.4495124598543043 1307.7393551715420017
157000 -6793.3403714635414872 1229.0555884117588903
158000 -6804.7905071242648773 1221.6858321337272173
159000 -6811.6646857728292161 1257.0739233724134465
160000 -6799.6948356309021619 1271.2011445585756064
161000 -6781.5360149811685915 1217.3824571521629423
162000 -6801.5296123250836899 1225.7781168037395219
163000 -6784.0732110318631385 1212.6175126838711549
164000 -6785.4889563511842425 1253.0093065161213417
165000 -6780.4426122624845448 1190.3798013528917181
166000 -6802.9547939174781277 1219.2221680295549504
167000 -6788.205177757007732 1217.4089703318177271
168000 -6786.3915850660359865 1224.7111687322685611
169000 -6777.3785624640504466 1234.9391005080801733
170000 -6811.9638365678501941 1269.5411261465130792
171000 -6801.6389138790655124 1307.0171423425151715
172000 -6798.2678628520188795 1245.8210277679152114
173000 -6791.8651457650958037 1226.1419485005781098
174000 -6803.1991870206866224 1253.3435357729285897
175000 -6800.7511716424960468 1239.9131060862141567
176000 -6807.0694443855054487 1295.0366692288403101
177000 -6801.1149437719504931 1270.646993885610982
178000 -6786.0208254822900926 1218.0338025660287258
179000 -6781.6415173694913392 1241.8489690063563557
180000 -6796.3004296300387068 1265.0548871424298341
181000 -6812.82509583394949 1252.8798510372689634
182000 -6797.3833418735848682 1241.5427502674233438
183000 -6789.1120584388290808 1230.2076211909748054
184000 -6812.4728367060642995 1248.1216862163241785
185000 -6806.342671078496096 1228.0811383275708977
186000 -6800.753098213004705 1242.8553595186799612
187000 -6793.6622187031352951 1286.7078304385117917
188000 -6780.2455340521528342 1233.3721546343542741
189000 -6798.0418329196299965 1233.9491087182973388
190000 -6811.3668428777655208 1259.0614914765569665
191000 -6787.0989592555069976 1269.7043600640251952
192000 -6795.2725025924610236 1243.7103946692886893
193000 -6792.7301043662237134 1288.1864273479068288
194000 -6793.3859189141230672 1232.2269073591364759
195000 -6802.5895394855206177 1247.580993782226642
196000 -6765.247746643721257 1196.3084789163572168
197000 -6803.7140146599203945 1257.6979483475256529
198000 -6786.6681024147046628 1167.79021445281046
199000 -6793.9824365537606354 1246.6901362837616034
200000 -6785.2903392757498295 1224.2669589121601348
201000 -6807.9505495566463651 1278.1010471155700543
202000 -6800.4279815217269061 1265.8889260849218772
203000 -6794.2041806141496636 1207.8672081283420994
204000 -6794.2550183627881779 1249.7566241059969343
205000 -6785.9499083318569319 1208.7662998493392479
206000 -6801.2024347285414478 1271.7635026848690813
207000 -6793.1173028712755695 1223.9192353233886479
208000 -6802.0084693477592737 1248.3770989234019453
209000 -6800.9555130489843577 1228.2333584227415031
210000 -6794.7005909746540055 1247.7204764864729896
211000 -6796.368631947337235 1189.0220704664973255
212000 -6808.0609536770325576 1255.1062467572899095
213000 -6802.0394031044907024 1251.4536809040848766
214000 -6795.0238420100113217 1255.4161506552529772
215000 -6785.8011067444240325 1303.3626506603334292
216000 -6789.4393582397669888 1199.9557751615723191
217000 -6802.3778769277578249 1231.3941298135423494
218000 -6771.4911534666252919 1221.687666888621834
219000 -6801.4866051613735181 1240.4253283917405497
220000 -6799.6902265608996458 1247.358233185922245
221000 -6786.4941046585936419 1237.6919231266733732
222000 -6807.3604518392603495 1288.1101430604628604
223000 -6793.2232200576463583 1212.3705481297790811
224000 -6800.1228051763982876 1248.4526235513999382
225000 -6791.2514719014279763 1255.311250596814034
226000 -6805.8167953467755069 1221.0709681465837093
227000 -6784.4446060880663936 1275.7210846296611635
228000 -6785.0499044192602014 1212.2152849099245486
229000 -6790.693864451821355 1204.1194504951304225
230000 -6805.4910891854333386 1273.6160956069895747
231000 -6802.2579940379100663 1231.1520802402083063
232000 -6780.260127154338079 1199.0649110344099881
233000 -6796.9103022811896153 1332.1879809002532511
234000 -6782.5251503609651991 1202.0741792379535582
235000 -6800.5537135064296308 1256.2819551763045638
236000 -6803.7324823079752605 1261.3380341042061445
237000 -6795.4731960205190262 1241.9937223523013472
238000 -6799.1554055653559772 1198.7687477380982273
239000 -6779.9624215404382994 1234.3013079085571917
240000 -6810.2738841121390578 1269.7242556781243366
241000 -6783.7039510475742645 1235.042423246532735
242000 -6798.4185116510861917 1215.5432584048039644
243000 -6788.5145368479579702 1236.8934146939946004
244000 -6781.6368762354104547 1241.4421998190705381
245000 -6801.4807280847162474 1245.8011397502662021
246000 -6792.9560306812954877 1282.0890265016646481
247000 -6791.1120900016376254 1263.1781473086409733
248000 -6793.9093014788013534 1241.1760701012851769
249000 -6775.6834065307693891 1254.4882352347501637
250000 -6800.9445857423579582 1189.2962088991071141
251000 -6796.3869936951086856 1228.2642352414507059
252000 -6795.2742636801222034 1265.3740383757119616
253000 -6810.9612969796708057 1268.7821341119999943
254000 -6792.3664180054174722 1235.5995733926220055
255000 -6803.0776745048633529 1271.1958927864918678
256000 -6785.3639980523721533 1206.8510767259649583
257000 -6791.4233989600343193 1304.9632787774216922
258000 -6782.9246075733926773 1211.1796643659611163
259000 -6784.1199847147272521 1214.3311530893190593
260000 -6794.905845101750856 1241.3440215887617342
261000 -6791.3890246190940161 1195.3999287449867097
262000 -6792.4678599929820848 1208.7781523783246485
263000 -6795.7394178014110366 1268.8511182364732122
264000 -6786.0635995909660778 1267.2395519001452158
265000 -6793.9384634898497097 1216.3320968356756566
266000 -6812.8427753789119379 1235.3965449332304161
267000 -6803.9478265639027086 1238.1828528795444981
268000 -6801.3141990060548778 1205.4266452722247323
269000 -6792.1669393940492228 1247.0463088380804493
270000 -6791.9980479693585949 1271.7480424368675358
271000 -6794.9277616544341072 1202.6319409697277933
272000 -6810.1584572944339016 1275.0848845784996684
273000 -6783.2488701616930484 1209.4340255539179907
274000 -6788.1196345189555359 1257.2862022916167462
275000 -6782.9346763660259967 1186.3106111610411517
276000 -6799.2797816172660532 1240.2833037958589557
277000 -6794.1052656490664958 1206.226790557547929
278000 -6784.3335469541370912 1249.8881224436402135
279000 -6808.9766089778277092 1286.4917481620934723
280000 -6792.7259714510937556 1226.4203884419514452
281000 -6797.1861864993616109 1209.5725369845458772
282000 -6796.2076079779053543 1272.8824686005189051
283000 -6790.8210709853337903 1242.4029401162038084
284000 -6803.4102620748271875 1228.2528005621425109
285000 -6796.4454591795283704 1251.7112360159169384
286000 -6790.6054606516481726 1275.0249493026067285
287000 -6782.6173140563778361 1209.9279263212731621
288000 -6803.7619211681339948 1197.9000124755298202
289000 -6791.5620661847833617 1273.7235001163451216
290000 -6792.0436484416995881 1215.0831919300637765
291000 -6786.6967726379289161 1247.8223490825212139
292000 -6788.0555905797355081 1221.3478655573508149
293000 -6783.2339020811195951 1248.5134942717365902
294000 -6798.2723606103600105 1262.2804660375584263
295000 -6782.9891932130558416 1189.7118962912991265
296000 -6788.7992425339971305 1266.2670067280139392
297000 -6784.0788789675361841 1206.377027614253393
298000 -6798.1495829890363893 1241.2727290685663775
299000 -6804.5222684441150705 1244.0071796736056058
300000 -6801.7389093732872425 1228.481221563929239
301000 -6802.4240289956233028 1257.4449138177471923
302000 -6791.3989567214175622 1276.2228201495765916
303000 -6782.6049539750856638 1261.8897345357504491
304000 -6808.7320387244344602 1259.4374823990892764
305000 -6791.3203384669877778 1230.9210881291005535
306000 -6804.1449858505657176 1221.9180984144193189
307000 -6784.1161381170268214 1281.914063388300292
308000 -6789.7801464166404912 1249.1069962604738066
309000 -6799.5386304520106933 1318.4458337817861775
310000 -6799.0957110676408774 1223.5938818914555668
311000 -6795.2091625900129657 1240.2849583501335928
312000 -6790.9444535455413643 1294.3234097472634403
313000 -6797.0029437489029078 1242.9405112597366951
314000 -6806.6883057869299591 1245.0496150867365941
315000 -6776.4314206602621198 1204.1914850318373738
316000 -6804.9785075424742899 1255.4751437285003703
317000 -6798.612012062134454 1224.7787538380384831
318000 -6798.878021617628292 1275.4028874041009658
319000 -6777.8206519154109628 1220.5953249367280478
320000 -6794.4778140452563093 1253.6993493872425915
321000 -6813.6760339057300371 1274.0696004294120485
322000 -6779.7411883508593746 1204.0440727651400721
323000 -6788.9149701443247977 1223.9799643254511921
324000 -6795.0128949244026444 1245.8071706417026689
325000 -6790.013754998269178 1237.6754547455013835
326000 -6790.5496889489468231 1227.9205136358730215
327000 -6798.0191550318759255 1248.3245939189471301
328000 -6787.4147173960309374 1242.9961889741416599
329000 -6785.0984997585082965 1211.8556093703612078
330000 -6786.02564230545795 1217.2083914513254967
331000 -6791.599477950399887 1302.9327958505020888
332000 -6781.7014630779312938 1214.1039959501208614
333000 -6770.9523448868858395 1204.8303546212646324
334000 -6772.509258299508474 1199.8916042463213216
335000 -6791.0521044095557954 1265.4624261954259055
336000 -6792.2634951097743397 1212.1511514983353663
337000 -6793.6084023444454942 1202.1292080436201104
338000 -6791.7655584680996981 1304.6387837704048707
339000 -6798.9220756457489188 1260.5810576274216146
340000 -6788.6146906478525125 1208.6208292159637949
341000 -6819.1096073024955331 1256.0367664168732063
342000 -6792.111295391798194 1234.0130009312802031
343000 -6800.4416768918445086 1248.7399686465787454
344000 -6795.4213547250519696 1242.4104982153110086
345000 -6784.0244152070199561 1236.606261385383732
346000 -6786.4806675164409171 1272.8774523003448849
347000 -6781.557784225483374 1260.8541034951747406
348000 -6787.1811010858764348 1260.2554849767425367
349000 -6788.7142971373586988 1218.4727935194352995
350000 -6788.4255318087671185 1216.712630301429499
351000 -6778.7526317078700231 1191.5616935315047158
352000 -6802.5127092061829899 1234.0534694975053753
353000 -6784.6874372353640865 1230.5280869441692175
354000 -6788.074691762927614 1167.9481811327727883
355000 -6792.8720701555012056 1224.5212283343407762
356000 -6793.9066739152331138 1254.0333401678503833
357000 -6787.8667062706126671 1212.0212741396787806
358000 -6788.5521459236833834 1230.8459996205431253
359000 -6786.5575503767195187 1279.5387046912537699
360000 -6800.5948080247908365 1247.7796628071623672
361000 -6790.3103496525609444 1251.1614068447634054
362000 -6772.8726900965939421 1209.1924233391382586
363000 -6791.508328244482982 1246.4927517606761285
364000 -6781.5363085374365255 1206.8774335984928712
365000 -6812.3299498382493766 1315.6235449914531728
366000 -6819.1359784677360949 1302.009745986690632
367000 -6802.9028783088197088 1247.6904880343793138
368000 -6810.433935641660355 1234.9775380086709902
369000 -6802.7804251148918411 1239.1368152790523709
370000 -6795.961447366925313 1213.4942528101628341
371000 -6813.093385957724422 1316.2856727400153432
372000 -6799.9310705120224156 1282.1917614015781055
373000 -6789.6765297650899811 1219.7590469603130714
374000 -6786.2429323113547071 1256.1050385766336603
375000 -6799.008511725281096 1209.5380371505980293
376000 -6797.3148361438506981 1252.8088407496845775
377000 -6773.6891024910846681 1174.5723858102828672
378000 -6791.7607135569960519 1226.6864652893600578
379000 -6810.3324106302316068 1279.2404030382735982
380000 -6796.096081547337235 1233.9355268435497237
381000 -6792.1058465414480452 1228.4580035720291562
382000 -6800.4918391034216256 1253.2947560446900752
383000 -6798.2658514934009872 1223.3066357112988953
384000 -6806.1814987525258402 1296.3933540345938127
385000 -6797.4631813635587605 1204.5773847665329868
386000 -6791.2122855905663528 1215.3084034607693411
387000 -6798.168161479506125 1240.2936502943778123
388000 -6792.3645069651520316 1227.7907617865917018
389000 -6782.1925819173557102 1186.485669861578117
390000 -6787.2374842198869374 1198.1797483156567523
391000 -6792.3504917786531223 1221.5674170451832197
392000 -6808.4907850734734893 1253.6071304164715912
393000 -6790.135962125064907 1246.8665497416843664
394000 -6796.8884231323345375 1279.855051900586659
395000 -6807.8827253875342649 1326.9926157824068014
396000 -6783.8956562897437834 1323.9256457780900291
397000 -6799.5091261928700987 1235.0237638557277933
398000 -6797.2967796324583105 1289.7914419223961886
399000 -6777.8360406354222505 1207.1638444756761146
400000 -6797.6500113261536171 1232.782608538666409
401000 -6816.8951470708934721 1265.3941391136700076
402000 -6783.0333315624702664 1190.8201329906894443
403000 -6785.9264000141829456 1175.2166403398898638
404000 -6794.1465438516661379 1271.7239703940058462
405000 -6795.7539065904047675 1270.7736286786741857
406000 -6804.6678228570171996 1226.1646740369669715
407000 -6796.9411280048288972 1248.8303490240027713
408000 -6784.9718381391712683 1250.5375566459961192
409000 -6808.6381597709123525 1190.7093964771768242
410000 -6806.7165321817574295 1286.078137550468
411000 -6772.7227411518715599 1168.2565933524087995
412000 -6795.5169543676465764 1232.1374105651616446
413000 -6798.5516291268686473 1313.271914258544939
414000 -6798.9680437587276174 1187.0784695293807545
415000 -6817.508312348571053 1260.9018855057126984
416000 -6798.2067734257288976 1217.3983868960185646
417000 -6782.8346256612621801 1202.6071065662010824
418000 -6786.8899931657415436 1225.4379846021633966
419000 -6785.4699998550368036 1220.2946158634240419
420000 -6813.4260393098102213 1329.7872854908152931
421000 -6811.8321162227630339 1298.3825218126780783
422000 -6790.129104271374672 1242.1818794005803284
423000 -6786.071435171244957 1256.8890670091966513
424000 -6793.1095248880683357 1187.3980291616526301
425000 -6789.2183638045225962 1185.6952344836879547
426000 -6791.9639272938775321 1224.4823038308543346
427000 -6785.2967422606116088 1197.3860064780465109
428000 -6784.0269119308386507 1210.5800878471200122
429000 -6803.444401577962708 1298.3385249849068259
430000 -6802.1910943065486208 1246.9238797296743542
431000 -6784.1444440573222892 1228.0194870443524451
432000 -6797.7829873219170622 1252.0493391912800689
433000 -6792.3478331459682522 1209.3424364132099527
434000 -6793.2605052304570563 1277.1938043499460491
435000 -6794.4326517896242876 1234.2780456689304174
436000 -6783.1512115910318244 1239.5907068145222638
437000 -6809.2496378569039734 1271.0724268481178569
438000 -6791.6518455070763594 1231.3606251993930982
439000 -6783.6705441952926776 1227.6898506216082296
440000 -6807.3586163487507292 1302.2429990229900341
441000 -6785.2757128915172871 1247.4511491154660234
442000 -6784.830086778641089 1230.5349504014707236
443000 -6786.7277527380292668 1235.9164869971216376
444000 -6796.6029202031832028 1189.4892332276124307
445000 -6785.9399180639247788 1253.5670690094805195
446000 -6783.2553181105577096 1229.8224218157233736
447000 -6806.8399639407780342 1272.9692871681843371
448000 -6795.7417923398033963 1220.5604789664878354
449000 -6782.005390636573793 1202.3575805912389569
450000 -6796.5544688482077618 1257.8354908478345351
451000 -6799.2499355795125666 1239.0767120694395089
452000 -6791.8711056104184536 1197.8655315831065309
453000 -6809.6342304732816046 1283.3851816829153449
454000 -6795.4668296125182678 1253.2548991200424098
455000 -6803.1831144159632458 1263.8563908816101957
456000 -6799.2118110651990719 1242.8868491887606069
457000 -6790.1842460992602355 1254.581554245813777
458000 -6783.8665445057004035 1202.4133388370528337
459000 -6809.8045365752150246 1305.1574012453193063
460000 -6796.3033473480963949 1216.1102035502790386
461000 -6814.7600448463908833 1236.204417562578783
462000 -6790.4281569988215779 1189.2994981730851123
463000 -6778.0527716862143279 1198.3342196547250751
464000 -6797.867895048225364 1239.8855325431836718
465000 -6799.0610457241209588 1289.82658967644943
466000 -6776.2106256031647717 1208.9015647970763894
467000 -6788.7935305021828754 1191.9155845199622945
468000 -6788.3939254376664394 1213.404928202406154
469000 -6802.4373308429421741 1223.8309854292667751
470000 -6810.403516750561721 1296.9477261772408383
471000 -6797.9575415817198518 1261.8533864580917907
472000 -6785.8809549819488893 1215.9510690540400901
473000 -6795.0258281424030429 1272.4845523326432613
474000 -6800.1925509317306933 1251.010359370051674
475000 -6776.7137424134743924 1203.3037446025207373
476000 -6819.7322159988707426 1265.7492896281726189
477000 -6821.6376015555479171 1247.4902556364156681
478000 -6801.445646813548592 1279.8219317446546484
479000 -6800.5980807027226547 1273.5449705016806092
480000 -6803.8635623823065544 1259.4118922690145155
481000 -6781.1297642981635363 1245.8919988951670348
482000 -6790.3625517742320881 1229.7671556154168684
483000 -6801.2573759500855886 1264.4891679889171883
484000 -6789.5991126762783097 1205.9512821249163608
485000 -6788.7733606969877656 1198.0056570822860067
486000 -6782.974062071564731 1214.9939871660367317
487000 -6806.8560793340202508 1251.5494517393083242
488000 -6793.9979066656405848 1250.3850834201914495
489000 -6779.8909439862545696 1166.895781643872624
490000 -6799.6816277747248023 1284.2482117685185585
491000 -6794.6111791200837615 1297.7886348983900007
492000 -6791.2184788039885461 1252.4327706313049475
493000 -6796.8406221000186633 1270.0161297707918493
494000 -6786.8474201231883853 1275.0175125782238865
495000 -6790.018080983028085 1220.1575533192922194
496000 -6797.398628833836483 1234.5361818454948661
497000 -6792.4770548811065964 1191.2629945710802986
498000 -6802.4944046299278853 1234.3207115996572156
499000 -6785.4211203896693405 1229.6366110420437963
500000 -6796.7017238240832739 1232.7273685446887157
501000 -6804.3502577668659796 1222.8560556434354112
502000 -6790.919219580351637 1246.3273378728292755
503000 -6800.2734513272198456 1275.30313565665233
504000 -6804.4727794789732798 1232.437891103979382
505000 -6786.9594922055375719 1220.428371209414081
506000 -6801.8607889920685921 1252.9965344725592331
507000 -6793.6861300484215462 1229.7557395367900881
508000 -6783.375169424838532 1184.0494202530785515
509000 -6787.5185563253908185 1194.1994471724353843
510000 -6805.3095958764615716 1249.9202061792313998
511000 -6804.073316619617799 1301.363693582517044
512000 -6797.5693123532400932 1281.8435637074528586
513000 -6776.696060973141357 1217.3883060935920639
514000 -6798.1475820173081956 1244.4309590425477836
515000 -6787.7581293629637003 1218.6490703117012799
516000 -6796.0292919506555336 1262.8248049653029739
517000 -6787.4507654254948648 1262.4787789221377352
518000 -6786.9825647097432011 1203.6936935728629123
519000 -6794.5411370621113747 1250.6643302957411379
520000 -6808.9423538599412495 1302.0236509167964414
521000 -6782.3815356570758013 1270.8713296339619774
522000 -6785.3599280663820537 1212.9303479030049857
523000 -6792.6340487178922558 1233.6436383025254599
524000 -6785.0912900571311184 1272.6551305458444858
525000 -6802.3086604763311698 1240.9935212606737878
526000 -6782.2029902503772973 1253.5854655412902048
527000 -6785.0771636867984853 1283.246196940347545
528000 -6778.6142897378349517 1180.9934785516047668
529000 -6784.0437876339174181 1209.350158980177639
530000 -6788.0302824079080892 1267.6267536306934289
531000 -6796.0187715499878323 1206.3122950605031747
532000 -6796.2209028335109906 1219.5726121263494406
533000 -6800.6302083322398175 1270.7697582009541293
534000 -6799.1161214337298588 1244.0022911874236797
535000 -6803.2977352831912867 1288.4010612504107485
536000 -6791.1806508761801524 1213.8404428076373733
537000 -6788.8487206116387824 1264.6887971409321381
538000 -6811.0814103355223779 1231.7524475158406858
539000 -6786.7172139067470198 1264.9359112428423941
540000 -6795.6392930717838681 1259.2487449040286265
541000 -6777.5787381837226349 1202.060788565248231
542000 -6786.2932264041673989 1227.7736411675830368
543000 -6801.8605022318706688 1303.3746523608733696
544000 -6785.9616520564341045 1220.2722672242375666
545000 -6791.9947996383398277 1204.2938912171339325
546000 -6780.8208873081784986 1226.0359024327390216
547000 -6811.2616567874601969 1269.2349912071883864
548000 -6803.5161701546794575 1206.7912137354735478
549000 -6804.1696166674919368 1267.0947710579469003
550000 -6804.1831738257023972 1284.3330868281354924
551000 -6809.4248968092751966 1297.9939829850191018
552000 -6782.8861095481815937 1219.9639830821454325
553000 -6808.589865446982003 1236.8409020486117242
554000 -6799.1058657140174546 1283.9801128042381606
555000 -6794.4793022168933021 1238.2595605701847035
556000 -6787.9628416799587285 1216.5400239819568924
557000 -6794.7690438788586107 1266.5680482314692199
558000 -6775.174899650271982 1194.3640975110115505
559000 -6806.3818780392457484 1259.6737633552086209
560000 -6792.716901795008198 1201.065477494117431
561000 -6790.9603627599926767 1193.8336540714026341
562000 -6797.3109934201729629 1263.3679870837997896
563000 -6776.7962286119072814 1166.1635779188072775
564000 -6793.5450277024410752 1230.993943386161618
565000 -6784.6169046734121366 1231.0166249134329064
566000 -6809.6433995008765123 1231.5527732636517158
567000 -6785.556331871211114 1195.4191968088739486
568000 -6788.3191656682001849 1189.3840397594649403
569000 -6781.0774938654431025 1221.5550109602777411
570000 -6783.1972095922328663 1194.980947988110529
571000 -6800.493652935465434 1229.4525871910054775
572000 -6782.4923831020341822 1227.2670427259029111
573000 -6793.185799775106716 1258.210503921059626
574000 -6785.699363056571201 1221.4773433435511834
575000 -6796.6504994318274839 1250.690309237191741
576000 -6786.1174409919431127 1230.7841083980315489
577000 -6796.0971453435349758 1264.3491382816482655
578000 -6800.2210493981001491 1300.0215723977685229
579000 -6787.0735498454014305 1266.5564118569818675
580000 -6794.0261333387124978 1282.6143606243761042
581000 -6795.4168104194750413 1192.5241402503695554
582000 -6770.7635713265608501 1189.7440425056370259
583000 -6782.9818495568433718 1221.4690834793898375
584000 -6815.8295937218772451 1290.5048085707833252
585000 -6782.5221229500575646 1231.9752015825163198
586000 -6812.7221475153910433 1300.98888087687601
587000 -6794.5585209321961884 1253.7577183526288991
588000 -6792.5996285492665265 1235.6469127083416879
589000 -6790.0924502597017636 1196.5217332385357167
590000 -6796.9647425667963034 1272.0998030933469636
591000 -6788.137519145965598 1224.2777146074581651
592000 -6795.1405568657364711 1206.2864075535853772
593000 -6790.7151981346651155 1268.7395962043267446
594000 -6807.2855485116888303 1281.7595988496771042
595000 -6815.6097867182434129 1263.0692050615405151
596000 -6794.4996111861073587 1253.5868795742906059
597000 -6794.4011498409354317 1282.6408692066438562
598000 -6812.4670989338119398 1229.086522265570693
599000 -6784.8745325150193821 1275.4597707598913985
600000 -6804.2699733525059855 1230.3708326693188155
601000 -6788.6060095252560131 1248.8174636056689906
602000 -6772.5458893024670033 1204.5978223266922669
603000 -6788.2014008549813298 1270.1424650944150017
604000 -6789.4394998848674732 1220.6013182395772674
605000 -6795.9732434610568816 1283.1500428042568274
606000 -6802.7599603368771568 1239.9551140638757261
607000 -6781.8781136071474975 1199.910642231474867
608000 -6784.9134605508043023 1234.7576526630050466
609000 -6794.4778284794965657 1233.9374420024230403
610000 -6806.3648021582393994 1281.391781461245273
611000 -6795.2612889691545206 1264.0349286089256111
612000 -6798.2179830045188282 1256.6741319739794562
613000 -6779.6082581168338947 1244.8915616496371968
614000 -6800.9690798950468889 1239.6337003617015853
615000 -6792.4988459119576873 1239.6272467495723504
616000 -6794.1417786321171661 1262.8144340067281064
617000 -6801.4827489490508015 1310.6966839083620471
618000 -6786.3008253482094005 1197.5581118115792378
619000 -6788.022023865490155 1206.612340604097426
620000 -6784.5361919515435147 1255.9218878269173274
621000 -6780.3423640125802194 1195.2044411921660867
622000 -6790.3804211620781643 1310.8755741570907958
623000 -6791.4343028789398886 1230.416312409639886
624000 -6799.530204100852643 1303.9580758528163642
625000 -6802.0078646829470017 1263.9783369710560237
626000 -6797.7604797085223254 1237.6737462079042871
627000 -6810.7646767076903416 1288.3869822557248881
628000 -6796.5101280529397627 1265.3373621367793476
629000 -6791.7649530829121431 1208.5236906017785259
630000 -6800.6957523195624162 1198.3748544335596762
631000 -6787.6335274645107347 1256.6566661249023582
632000 -6786.6068289359927803 1217.810789594063408
633000 -6788.9763455393549521 1263.1194099286124128
634000 -6791.1917429194245415 1274.6903225480657511
635000 -6798.6945732025305915 1285.3618311291977534
636000 -6795.3619897175267397 1235.8321099899214914
637000 -6802.9272727654806658 1230.3303423875349836
638000 -6795.1869556670399106 1234.2956190303525545
639000 -6800.9201988429340417 1260.0065570709132317
640000 -6803.9203151752763006 1283.9730732299292413
641000 -6798.8189163327560891 1239.4909365415398952
642000 -6801.4967562445390286 1241.3169388044811967
643000 -6791.6676912527846071 1309.6872697727067134
644000 -6797.9303753713302285 1254.7383388705616198
645000 -6773.291954855189033 1180.416223835092751
646000 -6787.9944338567265731 1271.2198116242141168
647000 -6789.8270112414447794 1230.2676069958283733
648000 -6790.3750448859173048 1213.1263136170555299
649000 -6793.5532505088449398 1242.8823241424045136
650000 -6808.4317639966820934 1241.1714980466247198
651000 -6782.9124347099141232 1217.7382185707983808
652000 -6777.3114544756872419 1191.464892715443284
653000 -6797.4712184165346116 1223.013456265520972
654000 -6780.7943879027416187 1218.25915800590451
655000 -6798.7024322319521161 1319.8385921645970029
656000 -6804.071263614135205 1226.1366872707392304
657000 -6814.3143223961278636 1258.6073255743808659
658000 -6802.9001345701426544 1241.1974216351229643
659000 -6773.5322299454792301 1240.2335233636442808
660000 -6794.2662584489198707 1193.7336148987128581
661000 -6799.966072703714417 1256.6458403759152134
662000 -6792.378624084918556 1220.5624218257682969
663000 -6807.2550282430638617 1263.7816892646085307
664000 -6804.5311724610810415 1228.1176163146246836
665000 -6791.8225970944959045 1261.9433225905536347
666000 -6782.6877968569669974 1215.1574546390363594
667000 -6787.5886827003541839 1228.689042192940633
668000 -6769.2729157066696644 1180.9192102796685049
669000 -6792.2210565523637342 1230.2537647727369858
670000 -6801.196996193594714 1270.4776772999784953
671000 -6804.7469129017481464 1227.2910535345185963
672000 -6793.0550532340203063 1332.7898826863618069
673000 -6777.5277007046151994 1184.7982105025585042
674000 -6777.696568132968423 1231.5703988055868194
675000 -6769.3784097816114809 1187.4858807719131164
676000 -6794.8042554892108456 1244.1280293782190256
677000 -6770.1200004383608757 1209.1289086220754143
678000 -6801.4485423845871992 1248.1476180955528434
679000 -6818.0450938006561046 1288.3404968180739161
680000 -6802.4204844231380775 1296.1661436301521917
681000 -6782.3839041147239186 1205.2574250178320199
682000 -6786.7655256589923738 1219.3078748055741016
683000 -6803.1484320671552268 1321.1623634020395457
684000 -6813.1226967906204663 1233.0212861927313952
685000 -6798.159842185143134 1228.6789845453406542
686000 -6818.3066473978942668 1257.8645535615862627
687000 -6797.7172654673540819 1326.7666306546427677
688000 -6798.1921714430245629 1271.3256920902451839
689000 -6801.9947708000499915 1252.1791011639504632
690000 -6804.3244255069485007 1255.4254292737248306
691000 -6791.6030123897835438 1228.8655149764895214
692000 -6796.1355946540606965 1220.7923718813397045
693000 -6806.7614429461609689 1286.734802624062695
694000 -6794.6236068456455541 1247.9135769903609798
695000 -6807.2698693570864634 1316.3217289502051699
696000 -6795.6067640548944837 1260.1409812144854641
697000 -6783.1744273009435346 1207.8304442171734081
698000 -6770.163442388616204 1219.6443803322265467
699000 -6793.6848015367222615 1286.6143489887965643
700000 -6806.7290500153485482 1259.5975972384917441
701000 -6805.0050967256038348 1269.6259875307025595
702000 -6791.3233414818769234 1232.2826341676836819
703000 -6784.7304437976654299 1276.4433712009990813
704000 -6789.9945752483254182 1246.7329726824918907
705000 -6784.1752234981922811 1254.0415112354012308
706000 -6801.2248590434619473 1214.5048263759963447
707000 -6800.6375915633298064 1298.1493408058977366
708000 -6793.4235834792179958 1208.9136474064637241
709000 -6796.4122757284058025 1305.3613008577328856
710000 -6797.072411701303281 1302.8147521803002746
711000 -6774.5213202430813908 1215.0426627284266488
712000 -6791.8974929222358696 1211.3575263444718075
713000 -6798.7647191351061338 1264.675102563961218
714000 -6783.8901294222505385 1205.9079097846695277
715000 -6793.4231028197782507 1252.688396699398254
716000 -6783.1763317653367267 1227.0365461479993883
717000 -6794.7748086334340769 1224.1612438264287448
718000 -6784.9382701709700996 1227.2364415325757818
719000 -6792.0341410577375427 1239.7762878939811344
720000 -6785.2115348928055027 1284.964040434776507
721000 -6789.7921362477045477 1273.3477570168502098
722000 -6798.5051183517171012 1248.3006922968322669
723000 -6792.7221297293926909 1209.7013950840923826
724000 -6754.8142713258821459 1184.9440938322986767
725000 -6791.3181786583199937 1254.5482945919641224
726000 -6783.8655909156359485 1195.2625009281157418
727000 -6797.5308490904280916 1275.8730807130909852
728000 -6768.5303169619301116 1177.3316162712069399
729000 -6801.6691808142204536 1246.0617982501230472
730000 -6811.3600064346792351 1284.9639122849544037
731000 -6798.280831095303256 1282.7319987995501833
732000 -6777.6736256829035483 1189.7639367239976309
733000 -6800.4959554288852814 1223.8311998273379686
734000 -6813.8296908164065826 1293.5794509982449654
735000 -6793.0584134375849317 1176.7501834972138113
736000 -6775.9024359487493712 1212.9686026173983464
737000 -6780.3607879518340269 1231.406604729071887
738000 -6806.106828287004646 1260.6373086229548335
739000 -6787.1635822991611349 1285.1709137191969603
740000 -6804.3223093529923062 1286.8303330324204126
741000 -6798.3856610314323916 1295.6749548230216078
742000 -6789.6290882693610911 1282.8376435862419385
743000 -6796.7048716750250605 1218.160120103303143
744000 -6788.05175674099155 1211.0035325124010797
745000 -6799.8885059543963507 1282.5261959621582264
746000 -6799.1646761326983324 1273.0973631059951003
747000 -6791.7348367903232429 1275.6982436095029243
748000 -6789.5599168151629783 1209.4500388392546029
749000 -6809.7786011416883412 1247.3899969088568014
750000 -6803.0614772763892688 1228.1100026965400502
751000 -6804.7939507890496316 1240.7026583054339426
752000 -6795.4693026000722966 1238.6099794596129868
753000 -6805.5287103609271071 1269.8798180603923811
754000 -6818.9007120994274374 1335.4770849388735314
755000 -6800.578455176972966 1252.4575652066241673
756000 -6792.5652934574309256 1231.1662214727430182
757000 -6785.9528080242162105 1275.1614336069796991
758000 -6792.6731995606987766 1235.7361153515655587
759000 -6797.8327575937919391 1241.8854675387512998
760000 -6804.8188781737926547 1301.3557820451640055
761000 -6806.5177588087053664 1250.9489654976957809
762000 -6803.8018124302470824 1210.6166690092616136
763000 -6785.1241863184277463 1249.5787370299369741
764000 -6788.8948395906390942 1316.1469686673794968
765000 -6792.2860560067110782 1205.8272599152044222
766000 -6809.6894821739442705 1251.8135052972204448
767000 -6788.3317159482803618 1246.8642820657801167
768000 -6802.5166192504393621 1240.5054329581787442
769000 -6802.2069614871907106 1332.0687540244209686
770000 -6792.3766989736022879 1276.5413837050055008
771000 -6789.0280343890472068 1188.9906050451636474
772000 -6802.0307290551800179 1266.5146210422542481
773000 -6784.9214016989953961 1215.2174872003552082
774000 -6790.6986194082837756 1256.7291769658306748
775000 -6798.9704954649914725 1212.9860143426235481
776000 -6794.6916266980269938 1217.950932941557312
777000 -6754.1543221764432019 1148.337789628977589
778000 -6782.8280661000044347 1220.2957568214994808
779000 -6787.0005551006042879 1248.0433897601424178
780000 -6787.119977703125187 1220.6929420189944722
781000 -6790.4905447856826868 1243.8020604807400105
782000 -6786.822191738422589 1247.0995873239685352
783000 -6808.3907030237314757 1266.8318972515726273
784000 -6797.4659196559969132 1238.3148701217007783
785000 -6806.9833364046526185 1246.429977909427862
786000 -6798.615708286401059 1241.3306059978378926
787000 -6792.0720506581055815 1216.3371501854610415
788000 -6784.2164708583995889 1201.9417600283502452
789000 -6797.9581284804980896 1253.3047440102002383
790000 -6790.4752612648189825 1213.2961310461000721
791000 -6783.4902704825517503 1241.0321862423575112
792000 -6806.5633139654091792 1257.9466924393684621
793000 -6790.3564394834684208 1211.368880472869705
794000 -6793.1861489394204909 1241.2464392903339103
795000 -6789.5312163128437533 1226.9112018654316216
796000 -6792.6834324481451404 1219.3315651685745706
797000 -6792.8878598675710236 1233.4527600027674907
798000 -6796.7959141621649906 1284.6409063381504438
799000 -6796.7918510192776012 1247.3933522132276721
800000 -6801.4214394218979578 1250.3260959451656618
801000 -6807.2541188381837856 1260.3229682017868072
802000 -6778.7128453761597484 1234.2625956365395723
803000 -6801.4532665594706486 1271.2855168224459703
804000 -6792.9018911567682153 1235.5778938878329427
805000 -6789.4895381281858135 1248.789388917757833
806000 -6780.6611888490315323 1207.2102091454448782
807000 -6794.0793267937160635 1239.8020729544625738
808000 -6794.2582609671226237 1256.187780105796719
809000 -6787.4816824360977989 1199.5341903914074919
810000 -6814.845659276038532 1243.8485926194966851
811000 -6791.6459878086216122 1245.089321078769899
812000 -6804.0121639693552424 1250.9880311098218044
813000 -6806.0260448152803292 1253.8323751993200403
814000 -6793.8864044675074183 1221.6934932291915175
815000 -6779.2641530171622435 1211.6312033332010287
816000 -6783.8876502728408013 1266.5418572726071034
817000 -6776.6221052548562511 1193.717643243651537
818000 -6795.2404608735541842 1261.8625784310927429
819000 -6785.7413787754621808 1239.7062054509817699
820000 -6800.7478825643102027 1240.3674657337314784
821000 -6802.3633023672755371 1221.6155070733684624
822000 -6795.6714564226267612 1238.0305146125635929
823000 -6790.7050135479157689 1238.3404955398348193
824000 -6778.1013885387392293 1196.5436681056951329
825000 -6787.6922451300733883 1223.6723975692120803
826000 -6814.535346580901205 1272.9819669081152824
827000 -6809.1054861013708432 1252.1046317230809564
828000 -6806.7226007255849254 1274.7401455984024778
829000 -6787.1353991051146295 1200.961745309394928
830000 -6814.5268410059843518 1281.9331487711190221
831000 -6796.0059278528851792 1241.4104124135556049
832000 -6792.0165746932334514 1250.4513866300546852
833000 -6803.5289005268950859 1272.5089953517854156
834000 -6780.0237021320108397 1217.5340873919615206
835000 -6806.4023698925475401 1269.6931070143405123
836000 -6786.2072419059468302 1227.2714182679076202
837000 -6788.559576213920991 1220.9318483974859646
838000 -6784.4550682327608229 1207.7540516605731682
839000 -6776.616837360318641 1197.6749687530514166
840000 -6789.1254828560322494 1228.5072580596979606
841000 -6792.6822817390248019 1258.6228063627693246
842000 -6807.4567262211485286 1279.121208180288022
843000 -6798.5772380980442904 1203.8992363791826392
844000 -6806.8719924579618237 1236.5451399456833315
845000 -6807.558217921283358 1216.4261118257156795
846000 -6798.8093244261990549 1278.7162981917967954
847000 -6797.9715218642786567 1232.7786162437041639
848000 -6799.6902708914403775 1254.3160397581921188
849000 -6808.9801217312051449 1281.7573629086471101
850000 -6820.673876659682719 1285.2399600536518847
851000 -6796.0899390678277996 1239.8130424090770703
852000 -6791.2655150122354826 1232.0563653300650913
853000 -6798.6928294520357667 1218.8511503525619446
854000 -6789.9227193972546957 1315.3708585366771331
855000 -6809.1475434393269097 1270.8375209106316106
856000 -6797.1453739152348135 1224.9120812376293088
857000 -6807.504896856535197 1263.6323727542210236
858000 -6802.4420402656442093 1241.4664406464776221
859000 -6812.8363426746773257 1257.9995057372798328
860000 -6807.0888736512160904 1221.4748956417447516
861000 -6795.2837046162940169 1215.4739479716599817
862000 -6791.6674920016903343 1231.2718089072436669
863000 -6795.3125202080518648 1222.6822351432981577
864000 -6782.5578134757579392 1219.9431215113329472
865000 -6783.7300001025350866 1219.4568846363786179
866000 -6813.7890263040344507 1212.6400212403079877
867000 -6772.4352104756981134 1197.2608548813705056
868000 -6810.5647850513969388 1305.4402797137804555
869000 -6797.1949599961144486 1228.4366853116055154
870000 -6799.1329418967097808 1224.9864349603537903
871000 -6786.8435225006523979 1216.0641885529748834
872000 -6794.5202508958982435 1264.636487212901784
873000 -6801.2382538977471995 1270.4737642644554398
874000 -6794.0664025026235322 1200.6997867582392701
875000 -6815.2836116073394805 1256.901286550101986
876000 -6789.8787119526741662 1276.7214165749257972
877000 -6800.643349511858105 1256.1907554984113631
878000 -6798.3520946555699993 1235.47860262974541
879000 -6783.4725754159917415 1229.7255026255540997
880000 -6809.7888834758632584 1257.2611713782475817
881000 -6792.8155433536458077 1214.9533959390250857
882000 -6775.8178891313118584 1231.6720719925551748
883000 -6795.3241320741799427 1255.5024483824133767
884000 -6796.7789540564181152 1242.1640971001379512
885000 -6797.0979209310899023 1242.2709323856747687
886000 -6791.9129591179707859 1237.8067389021132385
887000 -6781.619285300640513 1228.1540270871289522
888000 -6801.6235964488769241 1247.9573046875559612
889000 -6795.9232308211394411 1213.5775840546386917
890000 -6792.2976491087920294 1243.0984860784440116
891000 -6789.7181930058832222 1255.3439428346603108
892000 -6793.2218574716280273 1221.3985425715559359
893000 -6812.745911440087184 1263.6892587909539998
894000 -6816.2102209260710879 1278.1437751696237228
895000 -6786.5301030113814704 1274.2452743200847181
896000 -6796.4058453991201532 1210.5408840922220861
897000 -6780.7187806882466248 1216.2554971237286736
898000 -6789.6442623407610881 1225.3884390110904405
899000 -6777.7685174293719683 1209.0657975468209315
900000 -6808.0176931593268819 1244.7741090587896906
901000 -6784.9536687492454803 1215.350754019517808
902000 -6784.1703184968528149 1265.0000125091278278
903000 -6812.5572989645816051 1299.1735861801751071
904000 -6805.2819119859896091 1215.01830491693363
905000 -6766.1387197206149722 1238.1208315388846586
906000 -6786.1426949477536255 1237.3310047860575196
907000 -6795.3336038040697531 1246.9108655600014117
908000 -6800.4395896603082292 1301.5422036856753039
909000 -6769.8330923248267936 1238.3237600333020509
910000 -6797.8668042608769611 1287.1859066774964049
911000 -6783.2324484069768005 1226.9143162372054121
912000 -6811.2896002595216487 1266.5378554088374585
913000 -6789.7465442883521973 1240.0553548190639503
914000 -6789.8768289746130904 1221.5184608550218854
915000 -6793.3851675260530101 1236.8336536403146511
916000 -6802.3366336054468775 1252.465113924616162
917000 -6780.1275837003759079 1251.483247977743531
918000 -6792.4576828412182294 1242.1821408895934837
919000 -6790.4836585037483019 1246.4873637985076584
920000 -6789.4540789814709569 1221.2201425852840657
921000 -6817.9237800300325034 1272.1023065606520959
922000 -6788.6106010327202966 1222.094964612957483
923000 -6795.5470569909921323 1253.7259317182479208
924000 -6796.7900067336240681 1236.0992433541002811
925000 -6776.451090680672678 1224.4337594361384163
926000 -6812.757835398361749 1297.2478763452415933
927000 -6789.6145642409910579 1256.4170060694727908
928000 -6794.1214716472832151 1208.8117936459359498
929000 -6790.384816423882512 1207.4238658686952022
930000 -6784.6359791296654294 1278.8731696201600698
931000 -6797.8237477169641352 1275.5058723566392018
932000 -6781.7291499582079268 1235.0604999539766595
933000 -6794.199670667439932 1228.4422912491991156
934000 -6800.222285461048159 1260.750718384512993
935000 -6783.932179795684533 1188.2584950532195762
936000 -6809.7525062418735615 1298.4033388658467629
937000 -6808.6659804736291335 1230.5227789484088134
938000 -6797.2055928838308319 1296.2667520447739662
939000 -6791.2352262703579981 1270.9018051641410239
940000 -6796.3431722226032434 1248.2233285179286213
941000 -6776.5431381419211903 1203.1303543242590877
942000 -6771.1288445519085144 1181.146802030912113
943000 -6797.7607325738417785 1203.9566638446494835
944000 -6788.9551090036911773 1248.1947984441064818
945000 -6810.09890081852609 1290.7502510775120754
946000 -6799.1867783815514485 1263.3223470751056539
947000 -6797.4561473094818211 1244.116991042247264
948000 -6781.3493828810633204 1162.2926655181440765
949000 -6792.7741277831109983 1250.6341601987071499
950000 -6810.5282047886012151 1264.5650157706363643
951000 -6813.1198621441535579 1303.8572449684852472
952000 -6792.9351170471236401 1220.0952717121765545
953000 -6782.3360956595679454 1199.916608894249066
954000 -6789.0527048547164668 1205.6886847300188492
955000 -6800.4725612125557745 1265.8786905534982452
956000 -6813.0307913104525142 1292.8682534186561952
957000 -6795.1868756110343384 1289.3759996235980907
958000 -6801.3943833587009067 1240.0134850548743088
959000 -6801.0908080024528317 1217.2341133750555855
960000 -6793.9828643931423358 1291.247231123874144
961000 -6776.185498073637973 1220.4755035938276251
962000 -6797.8449351351700898 1242.8363554242257578
963000 -6791.0740774846062777 1251.0539704471211735
964000 -6792.8048910362394963 1221.1776959437586356
965000 -6795.5784662194682824 1250.8163578171745485
966000 -6800.1688316218769614 1247.0437303473865995
967000 -6786.397082710698669 1226.2939523460311193
968000 -6808.1071617157313085 1270.5809048041414826
969000 -6793.7025721505297042 1281.9910616311713056
970000 -6797.722051481172457 1222.6884014102615765
971000 -6796.5784721795371297 1225.4263390874182278
972000 -6783.2629829372899621 1241.7398570149937314
973000 -6791.2917707140022685 1234.6076573108148295
974000 -6776.2916957397419537 1202.9472208176598542
975000 -6793.0867021060794286 1255.1545334030404319
976000 -6777.6846278565208195 1192.0674352235369042
977000 -6794.2040211248004198 1235.4525000611204177
978000 -6811.9216795925694896 1261.0898978445609373
979000 -6795.4293049187090219 1238.4231777646230057
980000 -6797.0255756535034379 1249.1743650439182147
981000 -6771.6840975479835834 1222.0961441462256971
982000 -6808.130725204790906 1292.3826682555779826
983000 -6803.0067674320089282 1385.9486096390378407
984000 -6812.001384679731018 1236.7959892241776743
985000 -6806.3158152760706798 1237.6566829564740146
986000 -6794.3777082779561169 1240.1461933578345906
987000 -6792.6075611889546053 1274.3176560395736487
988000 -6789.3150774258292586 1230.0489388055095787
989000 -6796.1585373465231896 1249.4306180662424595
990000 -6787.9820434008006487 1208.8582633214966791
991000 -6808.5112403401371921 1277.14997139943398
992000 -6773.8111077886078419 1185.2832790265742915
993000 -6786.22289140824887 1219.6283762383743579
994000 -6793.7736964704445199 1242.9406756569799199
995000 -6777.2626122909923652 1207.687978407351693
996000 -6801.8187853869039827 1247.4695630908533985
997000 -6809.2049987515711109 1277.4872425878427293
998000 -6791.0805906102777953 1203.8064322068078127
999000 -6799.1060016720111889 1240.9561146794642355
1000000 -6785.9302303293961813 1248.3015370525645267
