#step enthalpy vol
0 -6830.3260371915457654 1209.6169218196571364
10 -6830.7778990487504416 1209.0607438975839614
20 -6821.7223546465065738 1207.4465060366649141
30 -6810.2515296129968192 1205.0802165100399179
40 -6802.5267977884268475 1202.3544558954879449
50 -6799.8017723636139635 1199.5659743350422559
60 -6795.8589813308444718 1196.8630315054438142
70 -6787.4418060628286185 1194.3807079106261426
80 -6772.8245485640836705 1192.4521917570582445
90 -6762.0126253729567907 1191.5903094791203785
100 -6759.3673709021359173 1192.1867889877955804
110 -6763.7701210702844037 1194.3205307852497299
120 -6767.639765854367397 1197.8738037352488845
130 -6771.7455607940582922 1202.7197343479454048
140 -6772.7059337315677112 1208.7304168867194676
150 -6765.8346270814963646 1215.9160283660708046
160 -6762.4526998844821719 1224.4874901841717474
170 -6766.2783962641260587 1234.5860747897090732
180 -6771.8394537191943527 1246.1520127004528149
190 -6786.0740164979233668 1258.9307798497529802
200 -6793.7174098795503596 1272.4366751297375231
210 -6796.319522779493127 1286.2998913123049078
220 -6797.9120222533774722 1300.3478190093965168
230 -6802.6644413336553043 1314.4347128542117389
240 -6806.0775349219557029 1328.3211702281321323
250 -6805.046265638830846 1341.8307673891117702
260 -6803.2088843562960392 1354.9674174176111592
270 -6802.2360784368520399 1367.7373659208362824
280 -6795.8458651653218112 1380.170028554458213
290 -6786.1680487254861873 1392.5198469350334562
300 -6781.602420498254105 1405.1318080738510616
310 -6784.9062609453030745 1418.1939767235498948
320 -6795.6246156990255258 1431.5840809991582319
330 -6811.5743990311784728 1444.7487887002055231
340 -6825.6860409305800204 1457.0014725547778198
350 -6833.6212124216481243 1467.763401558238229
360 -6828.2937579307435954 1476.7332271097500325
370 -6826.2035822330699375 1484.0743971804697594
380 -6825.8226799081485296 1489.9526146602283916
390 -6814.61920927851952 1494.5211589985960927
400 -6811.797555267045027 1498.2121707746828179
410 -6812.9895501566097664 1501.2184331080200081
420 -6818.2438343301128043 1503.4645995957962441
430 -6824.0948771728180873 1504.7098155181658967
440 -6821.9991878748669478 1504.7126827478373343
450 -6810.3467640101962388 1503.6490145961333837
460 -6804.3681491398901926 1502.0507657609302896
470 -6801.1506404196697986 1500.2778192189878155
480 -6794.01314654896305 1498.5081797722505144
490 -6798.0678972022478774 1496.9479398219148152
500 -6801.3047172988062812 1495.4914063726178028
510 -6801.4525847830946077 1493.9864741243243316
520 -6791.8082482750769486 1492.476271064840148
530 -6774.6609637447918431 1491.3655602096323491
540 -6770.5380447010002172 1491.300552556536104
550 -6776.9216928569212541 1492.4880802219929592
560 -6777.9289669936551945 1494.6756341733189402
570 -6778.98822323357399 1497.7705244782100635
580 -6786.9878560357719834 1501.6649711827296869
590 -6797.2286221067215592 1506.0142640200995174
600 -6803.9863780594623677 1510.3674696854973263
610 -6811.1823271311814096 1514.4333183829667178
620 -6817.2834296605315103 1517.9332636818692208
630 -6819.4812766253135123 1520.5919631033109454
640 -6817.1537096704714713 1522.3167270162568911
650 -6801.0411462558840867 1523.3664179220627375
660 -6794.2505122459187987 1524.4047555574293256
670 -6796.2496831756616302 1525.7638157784613213
680 -6803.4021942060444417 1527.3651846244422359
690 -6807.0918700591855668 1528.9070092498900522
700 -6797.5397314881747661 1530.3230360570807989
710 -6791.8674324318963045 1532.0251225855436132
720 -6799.8473632059258307 1534.261521614917001
730 -6812.2766891475639568 1536.7160535480261387
740 -6826.4738336936097767 1538.8394673655570841
750 -6838.5165186900412664 1539.9948559422850849
760 -6845.0018310618743271 1539.6277689419921444
770 -6835.6825401515034173 1537.5625651347097573
780 -6817.3283034612140909 1534.2097366431407863
790 -6800.9306536749390943 1530.390007467821988
800 -6800.6009707414350487 1526.8528330577821635
810 -6803.4376359551533824 1523.7018544882798778
820 -6802.5484558124489922 1520.8742811848239853
830 -6811.1225894357385187 1518.3284331845291035
840 -6814.2029322414764465 1515.7024385950762735
850 -6804.3071890883420565 1512.8703908136274094
860 -6793.1904710980015807 1510.2481895432974852
870 -6791.5834104110763292 1508.3006361300911067
880 -6798.5225245616338725 1507.1390629094926226
890 -6810.2576548315682885 1506.4598569277845854
900 -6808.6950838000311705 1505.7496539895262231
910 -6793.3517500872958408 1505.0513723032138387
920 -6776.1697486842795115 1505.0689860186312217
930 -6772.0684925005498371 1506.4994431626489586
940 -6775.2980040177535557 1509.5684754411224731
950 -6781.5718639455026278 1514.1756352137847443
960 -6802.9411010396934216 1519.9753253719643453
970 -6824.4658044126745153 1526.0063883087366321
980 -6829.2710653081494456 1531.2976457172794653
990 -6830.1485909107950647 1535.5512731545250062
1000 -6828.4073175304847609 1538.7506593267387416
